version 3
run Heavy-0-20251029-19:06:43-72766
attr configname Heavy
attr datetime 20251029-19:06:43
attr datetimef 20251029-190643
attr experiment Heavy
attr inifile omnetpp.ini
attr iterationvars ""
attr iterationvarsd ""
attr iterationvarsf ""
attr measurement ""
attr network ned.AdaptivePriorityNetwork
attr processid 72766
attr repetition 0
attr replication #0
attr resultdir results
attr runnumber 0
attr seedset 0
config sim-time-limit 10s
config extends General
config description "Heavy traffic scenario"
config **.client[0].sendInterval exponential(0.01s)
config **.client[1].sendInterval exponential(0.008s)
config **.client[2].sendInterval exponential(0.005s)
config output-vector-file results/heavy_traffic.vec
config output-scalar-file results/heavy_traffic.sca
config network ned.AdaptivePriorityNetwork
config sim-time-limit 60s
config seed-set 0
config num-rngs 3
config **.router.queueCapacity 200
config **.router.congestionThreshold 0.7
config **.router.recoveryThreshold 0.5
config **.router.checkInterval 0.1s
config **.client[0].packetType "\"voice\""
config **.client[0].priorityLevel 3
config **.client[0].sendInterval exponential(0.03s)
config **.client[1].packetType "\"video\""
config **.client[1].priorityLevel 2
config **.client[1].sendInterval exponential(0.02s)
config **.client[2].packetType "\"data\""
config **.client[2].priorityLevel 1
config **.client[2].sendInterval exponential(0.01s)
config **.scalar-recording true
config **.vector-recording true
config output-vector-file results/adaptive_router.vec
config output-scalar-file results/adaptive_router.sca
config cmdenv-express-mode false
config cmdenv-autoflush true
config cmdenv-event-banners true

vector 0 AdaptivePriorityNetwork.client[0] packetsSent:vector ETV
attr recordingmode vector
attr source packetSent
attr title "packets sent"
vector 1 AdaptivePriorityNetwork.client[1] packetsSent:vector ETV
attr recordingmode vector
attr source packetSent
attr title "packets sent"
vector 2 AdaptivePriorityNetwork.client[2] packetsSent:vector ETV
attr recordingmode vector
attr source packetSent
attr title "packets sent"
vector 3 AdaptivePriorityNetwork.router queueLength:vector ETV
attr recordingmode vector
attr source queueLength
attr title "queue length"
vector 4 AdaptivePriorityNetwork.router packetsDropped:vector ETV
attr recordingmode vector
attr source packetDropped
attr title "packets dropped"
vector 5 AdaptivePriorityNetwork.router routerMode:vector ETV
attr recordingmode vector
attr source modeChanged
attr title "router mode"
vector 6 AdaptivePriorityNetwork.router processingDelay:vector ETV
attr recordingmode vector
attr source delay
attr title "processing delay"
attr unit s
vector 7 AdaptivePriorityNetwork.server packetsReceived:vector ETV
attr recordingmode vector
attr source packetReceived
attr title "packets received"
vector 8 AdaptivePriorityNetwork.server endToEndDelay:vector ETV
attr recordingmode vector
attr source delay
attr title "end-to-end delay"
attr unit s
vector 9 AdaptivePriorityNetwork.server voiceEndToEndDelay:vector ETV
attr recordingmode vector
attr source voiceDelay
attr title "voice end-to-end delay"
attr unit s
vector 10 AdaptivePriorityNetwork.server videoEndToEndDelay:vector ETV
attr recordingmode vector
attr source videoDelay
attr title "video end-to-end delay"
attr unit s
vector 11 AdaptivePriorityNetwork.server dataEndToEndDelay:vector ETV
attr recordingmode vector
attr source dataDelay
attr title "data end-to-end delay"
attr unit s
vector 12 AdaptivePriorityNetwork.router queueLength ETV
vector 13 AdaptivePriorityNetwork.server videoDelay ETV
vector 14 AdaptivePriorityNetwork.server delay ETV
vector 15 AdaptivePriorityNetwork.server dataDelay ETV
vector 16 AdaptivePriorityNetwork.server voiceDelay ETV
0	17	0.014954195857	1
0	21	0.017487911216	2
0	30	0.021336777073	3
0	39	0.02650555498	4
0	51	0.038991999183	5
0	61	0.045672831242	6
0	63	0.0462592742	7
0	70	0.049534918538	8
0	73	0.050260445903	9
0	90	0.058574250528	10
0	110	0.072800409114	11
1	1	0.003961202738	1
1	7	0.011423993334	2
1	12	0.01396267184	3
1	13	0.014382369048	4
1	50	0.038211559976	5
1	56	0.042911983765	6
1	95	0.061589489371	7
1	109	0.072413794078	8
1	111	0.073500914515	9
2	2	0.006135262109	1
2	5	0.009181699021	2
2	10	0.012795760327	3
2	41	0.026758723892	4
2	49	0.037259631294	5
2	54	0.041986164142	6
2	60	0.045118907644	7
2	87	0.056474840549	8
2	88	0.056603106173	9
2	92	0.059487025479	10
2	118	0.079269002012	11
3	3	0.00737225622	1
3	4	0.00837225622	0
3	6	0.010567044588	1
3	9	0.011567044588	0
3	11	0.0136134815	1
3	14	0.0146134815	0
3	16	0.014835046816	1
3	18	0.015835046816	0
3	19	0.017227542806	1
3	20	0.017373725322	2
3	23	0.01779342253	3
3	24	0.018227542806	2
3	26	0.019227542806	1
3	27	0.019331258833	2
3	28	0.020227542806	1
3	29	0.021227542806	0
3	32	0.021864974192	1
3	34	0.022864974192	0
3	37	0.025713840049	1
3	40	0.026713840049	0
3	43	0.030882617956	1
3	44	0.031190506371	2
3	45	0.031882617956	1
3	46	0.032882617956	0
3	52	0.041622613458	1
3	53	0.041691413773	2
3	55	0.042622613458	1
3	57	0.043369062159	2
3	58	0.043622613458	1
3	59	0.044622613458	0
3	64	0.046323037247	1
3	65	0.046417946621	2
3	67	0.047323037247	1
3	69	0.048323037247	0
3	71	0.049550690123	1
3	72	0.050049894218	2
3	75	0.050550690123	1
3	76	0.050636337176	2
3	78	0.051550690123	1
3	79	0.052550690123	0
3	81	0.053911981514	1
3	82	0.054637508879	2
3	84	0.054911981514	1
3	86	0.055911981514	0
3	93	0.060906623028	1
3	94	0.061034888652	2
3	96	0.061906623028	1
3	97	0.062906623028	0
3	98	0.062951313504	1
3	99	0.063918807958	2
3	100	0.063951313504	1
3	101	0.064951313504	0
3	102	0.065000542853	1
3	104	0.066000542853	0
3	112	0.07582484756	1
3	113	0.07682484756	0
3	114	0.076911967997	1
3	115	0.07717747209	2
3	116	0.077911967997	1
3	117	0.078911967997	0
6	4	0.00837225622	0.004411053482
6	9	0.011567044588	0.005431782479
6	14	0.0146134815	0.005431782479
6	18	0.015835046816	0.004411053482
6	24	0.018227542806	0.005431782479
6	26	0.019227542806	0.005264870966
6	28	0.020227542806	0.005273346949
6	29	0.021227542806	0.006845173758
6	34	0.022864974192	0.005377062976
6	40	0.026713840049	0.005377062976
6	45	0.031882617956	0.005123894064
6	46	0.032882617956	0.006377062976
6	55	0.042622613458	0.004411053482
6	58	0.043622613458	0.006362982164
6	59	0.044622613458	0.005630614275
6	67	0.047323037247	0.004411053482
6	69	0.048323037247	0.006336873105
6	75	0.050550690123	0.004877858881
6	78	0.051550690123	0.006431782479
6	79	0.052550690123	0.006291415923
6	84	0.054911981514	0.005377062976
6	86	0.055911981514	0.005651535611
6	96	0.061906623028	0.005431782479
6	97	0.062906623028	0.006303516855
6	100	0.063951313504	0.005377062976
6	101	0.064951313504	0.005464288025
6	104	0.066000542853	0.004411053482
6	113	0.07682484756	0.004411053482
6	116	0.077911967997	0.005111558883
6	117	0.078911967997	0.005411053482
7	8	0.01155178893	1
7	15	0.014746577298	2
7	22	0.01779301421	3
7	25	0.019014579526	4
7	31	0.021407075516	5
7	33	0.022407075516	6
7	35	0.023407075516	7
7	36	0.024407075516	8
7	38	0.026044506902	9
7	42	0.029893372759	10
7	47	0.035062150666	11
7	48	0.036062150666	12
7	62	0.045802146168	13
7	66	0.046802146168	14
7	68	0.047802146168	15
7	74	0.050502569957	16
7	77	0.051502569957	17
7	80	0.053730222833	18
7	83	0.054730222833	19
7	85	0.055730222833	20
7	89	0.058091514224	21
7	91	0.059091514224	22
7	103	0.065086155738	23
7	105	0.066086155738	24
7	106	0.067130846214	25
7	107	0.068130846214	26
7	108	0.069180075563	27
7	119	0.08000438027	28
7	120	0.081091500707	29
7	121	0.082091500707	30
8	8	0.01155178893	0.007590586192
8	15	0.014746577298	0.008611315189
8	22	0.01779301421	0.008611315189
8	25	0.019014579526	0.007590586192
8	31	0.021407075516	0.008611315189
8	33	0.022407075516	0.008444403676
8	35	0.023407075516	0.008452879659
8	36	0.024407075516	0.010024706468
8	38	0.026044506902	0.008556595686
8	42	0.029893372759	0.008556595686
8	47	0.035062150666	0.008303426774
8	48	0.036062150666	0.009556595686
8	62	0.045802146168	0.007590586192
8	66	0.046802146168	0.009542514874
8	68	0.047802146168	0.008810146985
8	74	0.050502569957	0.007590586192
8	77	0.051502569957	0.009516405815
8	80	0.053730222833	0.008057391591
8	83	0.054730222833	0.009611315189
8	85	0.055730222833	0.009470948633
8	89	0.058091514224	0.008556595686
8	91	0.059091514224	0.008831068321
8	103	0.065086155738	0.008611315189
8	105	0.066086155738	0.009483049565
8	106	0.067130846214	0.008556595686
8	107	0.068130846214	0.008643820735
8	108	0.069180075563	0.007590586192
8	119	0.08000438027	0.007590586192
8	120	0.081091500707	0.008291091593
8	121	0.082091500707	0.008590586192
9	35	0.023407075516	0.008452879659
9	38	0.026044506902	0.008556595686
9	42	0.029893372759	0.008556595686
9	48	0.036062150666	0.009556595686
9	68	0.047802146168	0.008810146985
9	80	0.053730222833	0.008057391591
9	85	0.055730222833	0.009470948633
9	89	0.058091514224	0.008556595686
9	91	0.059091514224	0.008831068321
9	106	0.067130846214	0.008556595686
9	120	0.081091500707	0.008291091593
10	8	0.01155178893	0.007590586192
10	25	0.019014579526	0.007590586192
10	33	0.022407075516	0.008444403676
10	36	0.024407075516	0.010024706468
10	62	0.045802146168	0.007590586192
10	74	0.050502569957	0.007590586192
10	108	0.069180075563	0.007590586192
10	119	0.08000438027	0.007590586192
10	121	0.082091500707	0.008590586192
11	15	0.014746577298	0.008611315189
11	22	0.01779301421	0.008611315189
11	31	0.021407075516	0.008611315189
11	47	0.035062150666	0.008303426774
11	66	0.046802146168	0.009542514874
11	77	0.051502569957	0.009516405815
11	83	0.054730222833	0.009611315189
11	103	0.065086155738	0.008611315189
11	105	0.066086155738	0.009483049565
11	107	0.068130846214	0.008643820735
12	3	0.00737225622	1
12	4	0.00837225622	0
12	6	0.010567044588	1
12	9	0.011567044588	0
12	11	0.0136134815	1
12	14	0.0146134815	0
12	16	0.014835046816	1
12	18	0.015835046816	0
12	19	0.017227542806	1
12	20	0.017373725322	2
12	23	0.01779342253	3
12	24	0.018227542806	2
12	26	0.019227542806	1
12	27	0.019331258833	2
12	28	0.020227542806	1
12	29	0.021227542806	0
12	32	0.021864974192	1
12	34	0.022864974192	0
12	37	0.025713840049	1
12	40	0.026713840049	0
12	43	0.030882617956	1
12	44	0.031190506371	2
12	45	0.031882617956	1
12	46	0.032882617956	0
12	52	0.041622613458	1
12	53	0.041691413773	2
12	55	0.042622613458	1
12	57	0.043369062159	2
12	58	0.043622613458	1
12	59	0.044622613458	0
12	64	0.046323037247	1
12	65	0.046417946621	2
12	67	0.047323037247	1
12	69	0.048323037247	0
12	71	0.049550690123	1
12	72	0.050049894218	2
12	75	0.050550690123	1
12	76	0.050636337176	2
12	78	0.051550690123	1
12	79	0.052550690123	0
12	81	0.053911981514	1
12	82	0.054637508879	2
12	84	0.054911981514	1
12	86	0.055911981514	0
12	93	0.060906623028	1
12	94	0.061034888652	2
12	96	0.061906623028	1
12	97	0.062906623028	0
12	98	0.062951313504	1
12	99	0.063918807958	2
12	100	0.063951313504	1
12	101	0.064951313504	0
12	102	0.065000542853	1
12	104	0.066000542853	0
12	112	0.07582484756	1
12	113	0.07682484756	0
12	114	0.076911967997	1
12	115	0.07717747209	2
12	116	0.077911967997	1
12	117	0.078911967997	0
13	8	0.01155178893	0.007590586192
13	25	0.019014579526	0.007590586192
13	33	0.022407075516	0.008444403676
13	36	0.024407075516	0.010024706468
13	62	0.045802146168	0.007590586192
13	74	0.050502569957	0.007590586192
13	108	0.069180075563	0.007590586192
13	119	0.08000438027	0.007590586192
13	121	0.082091500707	0.008590586192
14	8	0.01155178893	0.007590586192
14	15	0.014746577298	0.008611315189
14	22	0.01779301421	0.008611315189
14	25	0.019014579526	0.007590586192
14	31	0.021407075516	0.008611315189
14	33	0.022407075516	0.008444403676
14	35	0.023407075516	0.008452879659
14	36	0.024407075516	0.010024706468
14	38	0.026044506902	0.008556595686
14	42	0.029893372759	0.008556595686
14	47	0.035062150666	0.008303426774
14	48	0.036062150666	0.009556595686
14	62	0.045802146168	0.007590586192
14	66	0.046802146168	0.009542514874
14	68	0.047802146168	0.008810146985
14	74	0.050502569957	0.007590586192
14	77	0.051502569957	0.009516405815
14	80	0.053730222833	0.008057391591
14	83	0.054730222833	0.009611315189
14	85	0.055730222833	0.009470948633
14	89	0.058091514224	0.008556595686
14	91	0.059091514224	0.008831068321
14	103	0.065086155738	0.008611315189
14	105	0.066086155738	0.009483049565
14	106	0.067130846214	0.008556595686
14	107	0.068130846214	0.008643820735
14	108	0.069180075563	0.007590586192
14	119	0.08000438027	0.007590586192
14	120	0.081091500707	0.008291091593
14	121	0.082091500707	0.008590586192
15	15	0.014746577298	0.008611315189
15	22	0.01779301421	0.008611315189
15	31	0.021407075516	0.008611315189
15	47	0.035062150666	0.008303426774
15	66	0.046802146168	0.009542514874
15	77	0.051502569957	0.009516405815
15	83	0.054730222833	0.009611315189
15	103	0.065086155738	0.008611315189
15	105	0.066086155738	0.009483049565
15	107	0.068130846214	0.008643820735
16	35	0.023407075516	0.008452879659
16	38	0.026044506902	0.008556595686
16	42	0.029893372759	0.008556595686
16	48	0.036062150666	0.009556595686
16	68	0.047802146168	0.008810146985
16	80	0.053730222833	0.008057391591
16	85	0.055730222833	0.009470948633
16	89	0.058091514224	0.008556595686
16	91	0.059091514224	0.008831068321
16	106	0.067130846214	0.008556595686
16	120	0.081091500707	0.008291091593

