version 3
run Light-0-20251029-18:57:54-70726
attr configname Light
attr datetime 20251029-18:57:54
attr datetimef 20251029-185754
attr experiment Light
attr inifile omnetpp.ini
attr iterationvars ""
attr iterationvarsd ""
attr iterationvarsf ""
attr measurement ""
attr network ned.AdaptivePriorityNetwork
attr processid 70726
attr repetition 0
attr replication #0
attr resultdir results
attr runnumber 0
attr seedset 0
config sim-time-limit 10s
config extends General
config description "Light traffic scenario"
config **.client[0].sendInterval exponential(0.1s)
config **.client[1].sendInterval exponential(0.08s)
config **.client[2].sendInterval exponential(0.05s)
config output-vector-file results/light_traffic.vec
config output-scalar-file results/light_traffic.sca
config network ned.AdaptivePriorityNetwork
config sim-time-limit 60s
config seed-set 0
config num-rngs 3
config **.router.queueCapacity 200
config **.router.congestionThreshold 0.7
config **.router.recoveryThreshold 0.5
config **.router.checkInterval 0.1s
config **.client[0].packetType "\"voice\""
config **.client[0].priorityLevel 3
config **.client[0].sendInterval exponential(0.03s)
config **.client[1].packetType "\"video\""
config **.client[1].priorityLevel 2
config **.client[1].sendInterval exponential(0.02s)
config **.client[2].packetType "\"data\""
config **.client[2].priorityLevel 1
config **.client[2].sendInterval exponential(0.01s)
config **.scalar-recording true
config **.vector-recording true
config output-vector-file results/adaptive_router.vec
config output-scalar-file results/adaptive_router.sca
config cmdenv-express-mode false
config cmdenv-autoflush true
config cmdenv-event-banners true

vector 0 AdaptivePriorityNetwork.client[0] packetsSent:vector ETV
attr recordingmode vector
attr source packetSent
attr title "packets sent"
vector 1 AdaptivePriorityNetwork.client[1] packetsSent:vector ETV
attr recordingmode vector
attr source packetSent
attr title "packets sent"
vector 2 AdaptivePriorityNetwork.client[2] packetsSent:vector ETV
attr recordingmode vector
attr source packetSent
attr title "packets sent"
vector 3 AdaptivePriorityNetwork.router queueLength:vector ETV
attr recordingmode vector
attr source queueLength
attr title "queue length"
vector 4 AdaptivePriorityNetwork.router packetsDropped:vector ETV
attr recordingmode vector
attr source packetDropped
attr title "packets dropped"
vector 5 AdaptivePriorityNetwork.router routerMode:vector ETV
attr recordingmode vector
attr source modeChanged
attr title "router mode"
vector 6 AdaptivePriorityNetwork.router processingDelay:vector ETV
attr recordingmode vector
attr source delay
attr title "processing delay"
attr unit s
vector 7 AdaptivePriorityNetwork.server packetsReceived:vector ETV
attr recordingmode vector
attr source packetReceived
attr title "packets received"
vector 8 AdaptivePriorityNetwork.server endToEndDelay:vector ETV
attr recordingmode vector
attr source delay
attr title "end-to-end delay"
attr unit s
vector 9 AdaptivePriorityNetwork.server voiceEndToEndDelay:vector ETV
attr recordingmode vector
attr source voiceDelay
attr title "voice end-to-end delay"
attr unit s
vector 10 AdaptivePriorityNetwork.server videoEndToEndDelay:vector ETV
attr recordingmode vector
attr source videoDelay
attr title "video end-to-end delay"
attr unit s
vector 11 AdaptivePriorityNetwork.server dataEndToEndDelay:vector ETV
attr recordingmode vector
attr source dataDelay
attr title "data end-to-end delay"
attr unit s
vector 12 AdaptivePriorityNetwork.router queueLength ETV
vector 13 AdaptivePriorityNetwork.server videoDelay ETV
vector 14 AdaptivePriorityNetwork.server delay ETV
vector 15 AdaptivePriorityNetwork.server dataDelay ETV
vector 16 AdaptivePriorityNetwork.server voiceDelay ETV
0	29	0.149541958574	1
0	34	0.174879112161	2
0	39	0.213367770729	3
0	43	0.265055549795	4
0	60	0.389919991828	5
0	76	0.45672831242	6
0	80	0.462592741997	7
1	1	0.03961202738	1
1	14	0.114239933341	2
1	22	0.139626718402	3
1	24	0.143823690477	4
1	56	0.38211559976	5
1	69	0.42911983765	6
2	5	0.061352621086	1
2	9	0.091816990207	2
2	18	0.127957603268	3
2	44	0.267587238913	4
2	52	0.372596312935	5
2	65	0.41986164142	6
2	73	0.451189076443	7
3	2	0.043023080862	1
3	3	0.044023080862	0
3	6	0.065784403565	1
3	7	0.066784403565	0
3	10	0.096248772686	1
3	11	0.097248772686	0
3	15	0.117650986823	1
3	16	0.118650986823	0
3	19	0.132389385747	1
3	20	0.133389385747	0
3	23	0.143037771884	1
3	25	0.144037771884	0
3	27	0.147234743959	1
3	28	0.148234743959	0
3	31	0.15391902155	1
3	32	0.15491902155	0
3	35	0.179256175137	1
3	36	0.180256175137	0
3	40	0.217744833705	1
3	41	0.218744833705	0
3	45	0.269432612771	1
3	46	0.270432612771	0
3	47	0.272019021392	1
3	48	0.273019021392	0
3	53	0.377028095414	1
3	54	0.378028095414	0
3	57	0.385526653242	1
3	58	0.386526653242	0
3	61	0.394297054804	1
3	62	0.395297054804	0
3	66	0.424293423899	1
3	67	0.425293423899	0
3	70	0.432530891132	1
3	71	0.433530891132	0
3	74	0.455620858922	1
3	75	0.456620858922	0
3	78	0.461105375396	1
3	79	0.462105375396	0
6	3	0.044023080862	0.004411053482
6	7	0.066784403565	0.005431782479
6	11	0.097248772686	0.005431782479
6	16	0.118650986823	0.004411053482
6	20	0.133389385747	0.005431782479
6	25	0.144037771884	0.004411053482
6	28	0.148234743959	0.004411053482
6	32	0.15491902155	0.005377062976
6	36	0.180256175137	0.005377062976
6	41	0.218744833705	0.005377062976
6	46	0.270432612771	0.005377062976
6	48	0.273019021392	0.005431782479
6	54	0.378028095414	0.005431782479
6	58	0.386526653242	0.004411053482
6	62	0.395297054804	0.005377062976
6	67	0.425293423899	0.005431782479
6	71	0.433530891132	0.004411053482
6	75	0.456620858922	0.005431782479
6	79	0.462105375396	0.005377062976
7	4	0.047202613572	1
7	8	0.069963936275	2
7	13	0.100428305396	3
7	17	0.121830519533	4
7	21	0.136568918457	5
7	26	0.147217304594	6
7	30	0.151414276669	7
7	33	0.15809855426	8
7	37	0.183435707847	9
7	42	0.221924366415	10
7	49	0.273612145481	11
7	50	0.276198554102	12
7	55	0.381207628124	13
7	59	0.389706185952	14
7	63	0.398476587514	15
7	68	0.428472956609	16
7	72	0.436710423842	17
7	77	0.459800391632	18
8	4	0.047202613572	0.007590586192
8	8	0.069963936275	0.008611315189
8	13	0.100428305396	0.008611315189
8	17	0.121830519533	0.007590586192
8	21	0.136568918457	0.008611315189
8	26	0.147217304594	0.007590586192
8	30	0.151414276669	0.007590586192
8	33	0.15809855426	0.008556595686
8	37	0.183435707847	0.008556595686
8	42	0.221924366415	0.008556595686
8	49	0.273612145481	0.008556595686
8	50	0.276198554102	0.008611315189
8	55	0.381207628124	0.008611315189
8	59	0.389706185952	0.007590586192
8	63	0.398476587514	0.008556595686
8	68	0.428472956609	0.008611315189
8	72	0.436710423842	0.007590586192
8	77	0.459800391632	0.008611315189
9	33	0.15809855426	0.008556595686
9	37	0.183435707847	0.008556595686
9	42	0.221924366415	0.008556595686
9	49	0.273612145481	0.008556595686
9	63	0.398476587514	0.008556595686
10	4	0.047202613572	0.007590586192
10	17	0.121830519533	0.007590586192
10	26	0.147217304594	0.007590586192
10	30	0.151414276669	0.007590586192
10	59	0.389706185952	0.007590586192
10	72	0.436710423842	0.007590586192
11	8	0.069963936275	0.008611315189
11	13	0.100428305396	0.008611315189
11	21	0.136568918457	0.008611315189
11	50	0.276198554102	0.008611315189
11	55	0.381207628124	0.008611315189
11	68	0.428472956609	0.008611315189
11	77	0.459800391632	0.008611315189
12	2	0.043023080862	1
12	3	0.044023080862	0
12	6	0.065784403565	1
12	7	0.066784403565	0
12	10	0.096248772686	1
12	11	0.097248772686	0
12	15	0.117650986823	1
12	16	0.118650986823	0
12	19	0.132389385747	1
12	20	0.133389385747	0
12	23	0.143037771884	1
12	25	0.144037771884	0
12	27	0.147234743959	1
12	28	0.148234743959	0
12	31	0.15391902155	1
12	32	0.15491902155	0
12	35	0.179256175137	1
12	36	0.180256175137	0
12	40	0.217744833705	1
12	41	0.218744833705	0
12	45	0.269432612771	1
12	46	0.270432612771	0
12	47	0.272019021392	1
12	48	0.273019021392	0
12	53	0.377028095414	1
12	54	0.378028095414	0
12	57	0.385526653242	1
12	58	0.386526653242	0
12	61	0.394297054804	1
12	62	0.395297054804	0
12	66	0.424293423899	1
12	67	0.425293423899	0
12	70	0.432530891132	1
12	71	0.433530891132	0
12	74	0.455620858922	1
12	75	0.456620858922	0
12	78	0.461105375396	1
12	79	0.462105375396	0
13	4	0.047202613572	0.007590586192
13	17	0.121830519533	0.007590586192
13	26	0.147217304594	0.007590586192
13	30	0.151414276669	0.007590586192
13	59	0.389706185952	0.007590586192
13	72	0.436710423842	0.007590586192
14	4	0.047202613572	0.007590586192
14	8	0.069963936275	0.008611315189
14	13	0.100428305396	0.008611315189
14	17	0.121830519533	0.007590586192
14	21	0.136568918457	0.008611315189
14	26	0.147217304594	0.007590586192
14	30	0.151414276669	0.007590586192
14	33	0.15809855426	0.008556595686
14	37	0.183435707847	0.008556595686
14	42	0.221924366415	0.008556595686
14	49	0.273612145481	0.008556595686
14	50	0.276198554102	0.008611315189
14	55	0.381207628124	0.008611315189
14	59	0.389706185952	0.007590586192
14	63	0.398476587514	0.008556595686
14	68	0.428472956609	0.008611315189
14	72	0.436710423842	0.007590586192
14	77	0.459800391632	0.008611315189
15	8	0.069963936275	0.008611315189
15	13	0.100428305396	0.008611315189
15	21	0.136568918457	0.008611315189
15	50	0.276198554102	0.008611315189
15	55	0.381207628124	0.008611315189
15	68	0.428472956609	0.008611315189
15	77	0.459800391632	0.008611315189
16	33	0.15809855426	0.008556595686
16	37	0.183435707847	0.008556595686
16	42	0.221924366415	0.008556595686
16	49	0.273612145481	0.008556595686
16	63	0.398476587514	0.008556595686

